60 300
30 18 4
35 42 6
13 51 5
31 8 6
17 34 1
5 53 2
17 9 10
50 53 4
49 42 5
30 20 7
55 41 6
59 42 7
35 10 6
14 20 10
25 43 8
32 41 2
10 40 4
1 30 5
49 5 2
1 24 7
52 47 6
42 52 9
7 26 2
55 15 2
4 17 4
28 36 3
15 32 5
41 14 3
23 19 7
1 11 8
22 45 1
53 44 7
57 39 6
1 27 1
47 3 6
36 59 10
26 12 1
14 13 2
34 48 5
24 43 3
46 40 8
36 37 9
49 36 4
48 18 7
29 51 3
31 37 1
28 39 4
48 44 1
9 46 3
25 7 7
41 42 2
22 25 10
16 22 5
22 40 10
5 6 6
11 47 2
55 2 5
26 23 8
3 22 10
53 49 4
1 23 5
27 37 8
59 11 10
9 44 9
22 56 9
41 34 5
33 37 1
16 28 8
23 7 6
57 33 6
42 1 10
32 59 3
37 34 2
23 13 1
35 33 10
39 9 5
43 25 1
31 17 1
6 44 8
6 44 8
57 45 6
36 52 9
23 18 9
40 14 8
4 54 8
32 53 9
17 1 9
7 1 5
26 35 10
21 26 8
51 57 5
5 57 2
14 21 5
43 21 4
1 57 4
29 33 5
26 54 3
30 3 4
17 1 2
50 9 10
15 53 5
42 14 10
35 44 1
26 54 8
14 56 3
45 52 6
25 28 6
28 40 2
39 18 7
4 50 5
35 38 2
33 43 6
11 21 2
12 30 1
57 9 3
25 2 3
10 44 10
24 60 8
32 11 2
15 32 3
58 34 1
59 34 6
32 56 4
23 10 2
53 46 9
56 47 7
21 16 1
41 54 1
17 2 5
12 50 9
35 55 1
37 18 2
56 59 4
1 53 2
53 1 2
23 12 5
14 36 3
43 8 9
49 32 9
25 15 6
58 13 9
22 21 8
60 59 8
18 32 4
42 58 1
13 18 7
54 6 6
45 41 1
10 1 4
6 23 10
58 43 2
47 18 3
18 10 5
6 57 8
44 21 9
33 39 1
32 1 9
41 28 3
44 25 5
9 50 2
19 12 2
14 10 3
37 12 7
48 44 8
30 37 6
15 49 8
16 33 8
7 43 1
44 53 6
14 55 8
18 1 10
57 47 9
36 37 7
1 41 5
6 50 8
13 57 2
58 53 6
28 14 9
14 31 2
44 37 4
45 27 5
13 53 2
46 37 6
12 22 3
56 4 3
49 13 5
27 22 7
31 52 6
58 20 10
18 50 2
31 42 10
9 57 3
11 40 10
8 44 1
44 31 4
12 55 8
58 24 6
24 20 10
25 8 5
13 33 10
13 21 5
46 42 2
43 53 2
26 11 2
5 32 10
45 31 6
23 26 1
2 58 6
38 25 7
20 54 1
43 31 5
27 20 4
14 9 10
4 5 10
59 51 2
50 39 6
32 11 6
56 14 8
57 9 7
27 4 2
11 8 8
11 56 5
20 59 5
53 58 10
31 20 5
14 28 4
45 10 1
21 14 2
6 24 5
4 26 2
24 37 2
18 12 7
4 44 4
42 40 3
38 56 4
19 5 1
4 11 1
23 51 6
54 21 8
5 16 1
40 32 6
3 40 4
44 12 10
58 56 4
34 43 3
46 14 4
40 28 10
59 22 2
6 23 4
18 51 2
20 17 2
35 3 10
33 23 5
41 50 5
19 34 6
45 7 6
21 1 10
38 26 10
25 50 5
12 24 3
44 42 10
24 18 6
9 34 4
51 22 8
58 30 6
44 54 2
12 54 6
8 1 7
18 1 1
51 25 5
14 35 4
15 34 5
9 27 4
58 4 1
40 4 2
24 15 8
19 8 3
20 49 4
29 7 6
31 3 1
43 30 3
60 29 6
59 30 2
29 24 9
57 32 1
59 20 3
36 56 8
23 13 3
33 40 5
3 31 3
52 49 2
19 59 8
23 31 10
7 30 6
24 20 10
39 7 7
60 26 2
4 26 1
30 20 5
28 33 9
